NAME : single
TYPE : ATSP
DIMENSION : 15
EDGE_WEIGHT_TYPE : EXPLICIT
EDGE_WEIGHT_FORMAT : FULL_MATRIX
EDGE_WEIGHT_SECTION
0 2790 2576 2573 2428 2524 2713 2609 2697 2450 2411 910 -4163 689 1054 
0 0 122 136 159 248 486 474 505 1027 1091 1600 2003 1917 1298 
0 122 0 65 101 141 418 425 409 836 974 1563 100000 1729 1187 
0 136 65 0 112 131 378 380 382 894 968 1623 1843 1784 1256 
0 159 101 112 0 195 475 483 463 881 1013 1554 1780 1715 1152 
0 248 141 131 195 0 294 320 269 770 819 1501 1784 1700 1148 
0 486 418 378 475 294 0 85 139 688 744 1673 1973 1903 1380 
0 474 425 380 483 320 85 0 223 811 890 1824 2096 2036 1444 
0 505 409 382 463 269 139 223 0 587 632 100000 1780 1743 1193 
0 1027 836 894 881 770 688 811 587 0 85 1798 2245 2180 1381 
0 1091 974 968 1013 819 744 890 632 85 0 100000 2366 2294 1447 
0 1600 1563 1623 1554 1501 1673 1824 100000 1798 100000 0 931 798 161 
0 2003 100000 1843 1780 1784 1973 2096 1780 2245 2366 931 0 141 839 
0 1917 1729 1784 1715 1700 1903 2036 1743 2180 2294 798 141 0 704 
0 1298 1187 1256 1152 1148 1380 1444 1193 1381 1447 161 839 704 0 
EOF