NAME : single
TYPE : ATSP
DIMENSION : 32
EDGE_WEIGHT_TYPE : EXPLICIT
EDGE_WEIGHT_FORMAT : FULL_MATRIX
EDGE_WEIGHT_SECTION
0 3404 3642 3808 3788 3913 4057 3689 3627 3591 3626 3278 3779 3899 3536 3649 3804 3492 3465 3697 3042 3563 3325 3106 3029 1971 2548 2669 1012 -9839 -6969 1288 
0 0 173 405 273 424 698 533 675 393 474 583 735 765 480 525 631 556 598 663 417 193 179 177 425 745 491 526 1660 2032 2071 1843 
0 173 0 234 186 257 454 466 550 223 307 505 531 506 358 436 591 572 562 658 516 255 344 349 568 947 721 656 1834 2245 2270 1920 
0 405 234 0 169 220 251 513 745 107 179 531 486 424 337 459 657 703 638 761 719 459 574 582 895 1188 936 873 2210 2558 2597 2241 
0 273 186 169 0 159 506 570 691 190 219 608 611 532 438 495 814 779 685 772 692 336 448 446 712 1060 771 802 1979 2355 2412 2059 
0 424 257 220 159 0 262 605 832 205 80 572 572 520 379 504 784 817 679 803 777 466 593 600 884 1220 968 903 2227 2568 2619 2314 
0 698 454 251 506 262 0 505 747 234 246 496 381 293 322 451 641 789 636 774 938 726 794 848 1055 1404 1117 1154 100000 2889 2908 2579 
0 533 466 513 570 605 505 0 180 408 588 120 199 266 234 162 144 263 227 271 466 724 640 621 630 1033 782 698 100000 2505 2550 2185 
0 675 550 745 691 832 747 180 0 554 734 221 367 441 368 306 109 96 173 231 396 839 630 600 716 1035 816 592 100000 2311 2340 2033 
0 393 223 107 190 205 234 408 554 0 180 424 386 332 231 355 553 607 533 659 651 473 560 563 930 1143 891 812 2170 2545 2593 2219 
0 474 307 179 219 80 246 588 734 180 0 599 541 471 403 523 732 786 712 839 803 517 638 651 872 1273 1020 955 2225 2599 2646 2289 
0 583 505 531 608 572 496 120 221 424 599 0 211 238 197 142 155 304 147 286 522 744 690 677 690 1091 840 753 100000 2530 2556 2172 
0 735 531 486 611 572 381 199 367 386 541 211 0 90 182 219 292 457 305 438 660 815 781 852 839 1295 954 931 100000 2760 2788 2451 
0 765 506 424 532 520 293 266 441 332 471 238 90 0 174 258 377 529 385 521 708 815 787 855 900 1302 1095 883 100000 2859 2887 2567 
0 480 358 337 438 379 322 234 368 231 403 197 182 174 0 212 340 437 322 458 571 592 620 615 710 1085 819 744 100000 2564 2612 2230 
0 525 436 459 495 504 451 162 306 355 523 142 219 258 212 0 271 365 230 360 530 650 703 634 691 1070 812 697 100000 2544 2580 2196 
0 631 591 657 814 784 641 144 109 553 732 155 292 377 340 271 0 195 210 154 503 822 713 688 714 1165 814 699 100000 2426 2468 2125 
0 556 572 703 779 817 789 263 96 607 786 304 457 529 437 365 195 0 177 150 343 817 596 566 639 980 727 516 100000 2242 2268 1886 
0 598 562 638 685 679 636 227 173 533 712 147 305 385 322 230 210 177 0 139 471 794 673 655 612 1015 782 653 2057 2403 2445 2118 
0 663 658 761 772 803 774 271 231 659 839 286 438 521 458 360 154 150 139 0 493 1008 707 684 813 1085 833 625 1957 2302 2332 2013 
0 417 516 719 692 777 938 466 396 651 803 522 660 708 571 530 503 343 471 493 0 500 386 346 185 585 373 175 1446 1863 1879 1524 
0 193 255 459 336 466 726 724 839 473 517 744 815 815 592 650 822 817 794 1008 500 0 205 210 554 822 568 584 1685 2079 2120 1844 
0 179 344 574 448 593 794 640 630 560 638 690 781 787 620 703 713 596 673 707 386 205 0 157 395 672 419 500 1561 1940 1977 1751 
0 177 349 582 446 600 848 621 600 563 651 677 852 855 615 634 688 566 655 684 346 210 157 0 332 589 336 440 1518 1879 1925 1713 
0 425 568 895 712 884 1055 630 716 930 872 690 839 900 710 691 714 639 612 813 185 554 395 332 0 413 217 164 1232 1632 1666 1372 
0 745 947 1188 1060 1220 1404 1033 1035 1143 1273 1091 1295 1302 1085 1070 1165 980 1015 1085 585 822 672 589 413 0 271 456 1116 1498 1527 1403 
0 491 721 936 771 968 1117 782 816 891 1020 840 954 1095 819 812 814 727 782 833 373 568 419 336 217 271 0 313 1228 1644 1666 1564 
0 526 656 873 802 903 1154 698 592 812 955 753 931 883 744 697 699 516 653 625 175 584 500 440 164 456 313 0 1217 1609 1653 1308 
0 1660 1834 2210 1979 2227 100000 100000 100000 2170 2225 100000 100000 100000 100000 100000 100000 100000 2057 1957 1446 1685 1561 1518 1232 1116 1228 1217 0 407 442 257 
0 2032 2245 2558 2355 2568 2889 2505 2311 2545 2599 2530 2760 2859 2564 2544 2426 2242 2403 2302 1863 2079 1940 1879 1632 1498 1644 1609 407 0 97 590 
0 2071 2270 2597 2412 2619 2908 2550 2340 2593 2646 2556 2788 2887 2612 2580 2468 2268 2445 2332 1879 2120 1977 1925 1666 1527 1666 1653 442 97 0 627 
0 1843 1920 2241 2059 2314 2579 2185 2033 2219 2289 2172 2451 2567 2230 2196 2125 1886 2118 2013 1524 1844 1751 1713 1372 1403 1564 1308 257 590 627 0 
EOF